1880  1   -0.0235
1880  2   -0.4936
1880  3   -0.6785
1880  4   -0.2829
1880  5   -0.1261
1880  6   -0.1096
1880  7   -0.2534
1880  8   -0.2352
1880  9   -0.3086
1880 10   -0.6174
1880 11   -0.9011
1880 12   -0.5517
1881  1   -0.3494
1881  2   -0.1906
1881  3    0.0452
1881  4    0.0852
1881  5    0.1004
1881  6   -0.4441
1881  7   -0.1796
1881  8    0.0024
1881  9   -0.3478
1881 10   -0.6304
1881 11   -0.8585
1881 12   -0.2086
1882  1    0.1221
1882  2   -0.1731
1882  3   -0.2292
1882  4   -0.6957
1882  5   -0.4827
1882  6   -0.4281
1882  7   -0.4362
1882  8    0.0323
1882  9   -0.2824
1882 10   -0.7304
1882 11   -0.4101
1882 12   -0.6890
1883  1   -1.1566
1883  2   -1.2004
1883  3   -0.5250
1883  4   -0.6268
1883  5   -0.3109
1883  6   -0.0053
1883  7   -0.3286
1883  8   -0.3664
1883  9   -0.3496
1883 10   -0.5382
1883 11   -0.6283
1883 12   -0.1292
1884  1   -0.3472
1884  2   -0.6291
1884  3   -0.9231
1884  4   -0.8358
1884  5   -0.6497
1884  6   -0.5254
1884  7   -0.6890
1884  8   -0.5674
1884  9   -0.6724
1884 10   -0.3843
1884 11   -0.6711
1884 12   -0.3238
1885  1   -1.2583
1885  2   -0.5835
1885  3   -0.2991
1885  4   -0.4933
1885  5   -0.6145
1885  6   -0.6331
1885  7   -0.4764
1885  8   -0.5644
1885  9   -0.4157
1885 10   -0.4261
1885 11   -0.1596
1885 12    0.3302
1886  1   -0.3677
1886  2   -0.8966
1886  3   -0.6828
1886  4   -0.2466
1886  5   -0.2727
1886  6   -0.3966
1886  7   -0.1425
1886  8   -0.1857
1886  9   -0.3192
1886 10   -0.5119
1886 11   -0.5155
1886 12    0.1382
1887  1   -0.9849
1887  2   -0.8275
1887  3   -0.2002
1887  4   -0.3318
1887  5    0.0008
1887  6   -0.2796
1887  7   -0.2284
1887  8   -0.4502
1887  9   -0.1098
1887 10   -0.5591
1887 11   -0.0410
1887 12   -0.0894
1888  1   -0.7958
1888  2   -0.4985
1888  3   -0.6350
1888  4   -0.0083
1888  5   -0.3803
1888  6   -0.3446
1888  7   -0.0614
1888  8   -0.4255
1888  9   -0.1389
1888 10   -0.0623
1888 11   -0.3015
1888 12   -0.0722
1889  1   -0.6074
1889  2   -0.1463
1889  3    0.1589
1889  4    0.2212
1889  5   -0.1961
1889  6   -0.2511
1889  7   -0.1446
1889  8   -0.1298
1889  9   -0.4411
1889 10   -0.5592
1889 11   -0.8729
1889 12   -0.2475
1890  1   -0.5394
1890  2   -0.5798
1890  3   -0.5280
1890  4   -0.2232
1890  5   -0.7265
1890  6   -0.3440
1890  7   -0.0143
1890  8   -0.2833
1890  9   -0.3531
1890 10   -0.2349
1890 11   -0.6533
1890 12   -0.4226
1891  1   -0.7368
1891  2   -1.1685
1891  3   -0.2951
1891  4   -0.4916
1891  5   -0.4465
1891  6   -0.4868
1891  7   -0.2875
1891  8   -0.2910
1891  9   -0.1023
1891 10   -0.5513
1891 11   -0.7814
1891 12    0.1533
1892  1   -0.5773
1892  2   -0.2507
1892  3   -0.6206
1892  4   -0.6251
1892  5   -0.4082
1892  6   -0.1948
1892  7   -0.2307
1892  8   -0.2936
1892  9   -0.1095
1892 10   -0.0226
1892 11   -0.9298
1892 12   -0.7350
1893  1   -1.8870
1893  2   -1.6628
1893  3   -0.0614
1893  4   -0.3935
1893  5   -0.5202
1893  6   -0.1664
1893  7   -0.0730
1893  8   -0.3514
1893  9   -0.1925
1893 10   -0.1348
1893 11   -0.0122
1893 12   -0.2115
1894  1   -0.7436
1894  2    0.0742
1894  3    0.0492
1894  4   -0.5685
1894  5   -0.2168
1894  6   -0.4609
1894  7   -0.2449
1894  8   -0.1708
1894  9   -0.2994
1894 10   -0.2209
1894 11   -0.4338
1894 12   -0.2803
1895  1   -1.0946
1895  2   -0.7552
1895  3   -0.1841
1895  4    0.0911
1895  5   -0.2739
1895  6   -0.3705
1895  7   -0.2429
1895  8   -0.2681
1895  9   -0.1164
1895 10   -0.0667
1895 11   -0.1412
1895 12   -0.0272
1896  1   -0.0651
1896  2   -0.1416
1896  3   -0.6604
1896  4   -0.7187
1896  5   -0.1286
1896  6   -0.0937
1896  7   -0.0402
1896  8    0.0098
1896  9   -0.1138
1896 10    0.0501
1896 11   -0.7607
1896 12   -0.0665
1897  1   -0.5798
1897  2   -0.4524
1897  3   -0.8522
1897  4    0.0292
1897  5    0.0824
1897  6   -0.2011
1897  7    0.0732
1897  8   -0.0341
1897  9    0.2221
1897 10   -0.1071
1897 11   -0.3128
1897 12   -0.5020
1898  1    0.3968
1898  2   -0.4410
1898  3   -1.5398
1898  4   -0.3954
1898  5   -0.2686
1898  6   -0.0769
1898  7   -0.2038
1898  8   -0.1170
1898  9   -0.1351
1898 10   -0.5573
1898 11   -0.3562
1898 12    0.2734
1899  1    0.1366
1899  2   -0.5857
1899  3   -0.4607
1899  4    0.0253
1899  5   -0.0966
1899  6   -0.4661
1899  7   -0.1274
1899  8   -0.0931
1899  9    0.1253
1899 10    0.0970
1899 11    0.7900
1899 12   -0.5567
1900  1   -1.0023
1900  2   -0.3044
1900  3    0.1189
1900  4   -0.2346
1900  5    0.0257
1900  6   -0.0558
1900  7   -0.1760
1900  8   -0.0429
1900  9   -0.0415
1900 10    0.3323
1900 11   -0.2906
1900 12    0.2650
1901  1   -0.3342
1901  2   -0.1010
1901  3    0.3643
1901  4    0.1553
1901  5   -0.0645
1901  6    0.0479
1901  7    0.1017
1901  8    0.0585
1901  9   -0.0643
1901 10   -0.3996
1901 11    0.0544
1901 12   -0.4050
1902  1    0.3322
1902  2    0.5923
1902  3   -0.0653
1902  4   -0.3828
1902  5   -0.2039
1902  6   -0.1971
1902  7   -0.2269
1902  8   -0.1897
1902  9   -0.1745
1902 10   -0.3645
1902 11   -0.5848
1902 12   -0.6779
1903  1   -0.1149
1903  2    0.3806
1903  3   -0.2956
1903  4   -0.4383
1903  5   -0.5120
1903  6   -0.4764
1903  7   -0.3855
1903  8   -0.2960
1903  9   -0.3287
1903 10   -0.5752
1903 11   -0.4846
1903 12   -0.4837
1904  1   -0.7926
1904  2   -0.4326
1904  3   -0.5868
1904  4   -0.5085
1904  5   -0.2706
1904  6   -0.3261
1904  7   -0.4375
1904  8   -0.2541
1904  9   -0.4319
1904 10   -0.3853
1904 11    0.4122
1904 12   -0.0305
1905  1   -0.1741
1905  2   -1.1835
1905  3   -0.6442
1905  4   -0.7068
1905  5   -0.2819
1905  6   -0.1988
1905  7   -0.0818
1905  8   -0.0829
1905  9   -0.1146
1905 10   -0.2977
1905 11    0.2225
1905 12    0.0251
1906  1   -0.0730
1906  2   -0.6432
1906  3   -0.1074
1906  4    0.3175
1906  5    0.1336
1906  6    0.1371
1906  7   -0.1314
1906  8   -0.0763
1906  9   -0.1496
1906 10   -0.1043
1906 11   -0.4391
1906 12    0.1934
1907  1   -0.4974
1907  2   -0.7487
1907  3   -0.3945
1907  4   -0.7076
1907  5   -0.9023
1907  6   -0.6621
1907  7   -0.4248
1907  8   -0.3023
1907  9   -0.2561
1907 10   -0.2720
1907 11   -0.8580
1907 12   -0.4624
1908  1   -0.1540
1908  2   -0.2398
1908  3   -0.9252
1908  4   -0.5591
1908  5   -0.2442
1908  6   -0.2799
1908  7   -0.1465
1908  8   -0.3063
1908  9   -0.1190
1908 10   -0.4961
1908 11   -0.4580
1908 12   -0.1837
1909  1   -0.8486
1909  2   -0.4342
1909  3   -0.6010
1909  4   -0.8518
1909  5   -0.4714
1909  6   -0.2413
1909  7   -0.2108
1909  8    0.0727
1909  9   -0.0231
1909 10   -0.1144
1909 11    0.3988
1909 12   -0.1950
1910  1   -0.0729
1910  2   -0.2896
1910  3   -0.3595
1910  4   -0.1509
1910  5   -0.1784
1910  6   -0.1763
1910  7    0.0467
1910  8   -0.0782
1910  9   -0.2193
1910 10   -0.3339
1910 11   -0.4951
1910 12   -0.7291
1911  1   -0.7080
1911  2   -0.6877
1911  3   -0.7518
1911  4   -0.4784
1911  5   -0.4095
1911  6   -0.3498
1911  7   -0.3256
1911  8   -0.2576
1911  9   -0.2013
1911 10   -0.1479
1911 11   -0.0961
1911 12   -0.1563
1912  1   -0.3172
1912  2    0.1521
1912  3   -0.6441
1912  4   -0.2236
1912  5   -0.1014
1912  6   -0.0950
1912  7   -0.4235
1912  8   -0.5495
1912  9   -0.6773
1912 10   -0.8246
1912 11   -0.3966
1912 12   -0.4132
1913  1   -0.3631
1913  2   -0.6635
1913  3   -0.5991
1913  4   -0.2081
1913  5   -0.4659
1913  6   -0.3472
1913  7   -0.1591
1913  8   -0.0640
1913  9   -0.2374
1913 10   -0.3069
1913 11    0.2615
1913 12    0.5552
1914  1    0.8405
1914  2    0.1611
1914  3   -0.0490
1914  4   -0.2055
1914  5    0.1733
1914  6    0.0360
1914  7   -0.1444
1914  8   -0.0912
1914  9   -0.0470
1914 10    0.0501
1914 11   -0.2256
1914 12   -0.2394
1915  1   -0.2053
1915  2    0.1908
1915  3   -0.1295
1915  4    0.2507
1915  5    0.1019
1915  6   -0.0280
1915  7    0.0682
1915  8   -0.0099
1915  9   -0.1046
1915 10   -0.4445
1915 11    0.2624
1915 12    0.3425
1916  1   -0.0212
1916  2   -0.1176
1916  3   -0.4618
1916  4   -0.1972
1916  5   -0.1784
1916  6   -0.3622
1916  7   -0.1297
1916  8   -0.1672
1916  9   -0.2010
1916 10   -0.2121
1916 11   -0.3995
1916 12   -1.1013
1917  1   -0.4672
1917  2   -0.7745
1917  3   -0.7393
1917  4   -0.4551
1917  5   -0.6721
1917  6   -0.3810
1917  7   -0.1436
1917  8   -0.2468
1917  9   -0.1245
1917 10   -0.5846
1917 11    0.0339
1917 12   -1.1833
1918  1   -0.3310
1918  2   -0.4194
1918  3   -0.2248
1918  4   -0.6227
1918  5   -0.5439
1918  6   -0.2626
1918  7   -0.2124
1918  8   -0.1638
1918  9   -0.1093
1918 10    0.1308
1918 11   -0.2054
1918 12   -0.6466
1919  1   -0.5269
1919  2   -0.1076
1919  3   -0.4353
1919  4    0.1076
1919  5   -0.3085
1919  6   -0.2078
1919  7    0.0019
1919  8   -0.0267
1919  9   -0.0193
1919 10   -0.1902
1919 11   -0.5959
1919 12   -0.3492
1920  1    0.1708
1920  2   -0.3897
1920  3    0.1571
1920  4   -0.2189
1920  5   -0.0591
1920  6   -0.2619
1920  7   -0.0267
1920  8   -0.0790
1920  9   -0.1529
1920 10   -0.2315
1920 11   -0.3948
1920 12   -0.7851
1921  1    0.5193
1921  2    0.0192
1921  3   -0.0179
1921  4    0.0578
1921  5    0.0823
1921  6    0.0872
1921  7    0.1155
1921  8   -0.1801
1921  9   -0.1171
1921 10   -0.0089
1921 11   -0.3239
1921 12    0.1188
1922  1   -0.5464
1922  2   -0.4791
1922  3    0.0683
1922  4    0.0832
1922  5   -0.0944
1922  6   -0.0848
1922  7   -0.1045
1922  8   -0.1514
1922  9   -0.1216
1922 10   -0.1358
1922 11    0.1042
1922 12    0.1123
1923  1   -0.0315
1923  2   -0.5229
1923  3   -0.1822
1923  4   -0.6544
1923  5   -0.2924
1923  6   -0.0484
1923  7   -0.2723
1923  8   -0.1242
1923  9   -0.0754
1923 10    0.1878
1923 11    0.4374
1923 12    0.3055
1924  1   -0.3807
1924  2   -0.1805
1924  3    0.0242
1924  4   -0.3851
1924  5   -0.1147
1924  6    0.0074
1924  7    0.0134
1924  8   -0.0928
1924  9    0.0176
1924 10   -0.0443
1924 11    0.2544
1924 12   -0.3005
1925  1   -0.3202
1925  2   -0.3303
1925  3    0.0830
1925  4    0.1930
1925  5   -0.1157
1925  6   -0.2050
1925  7   -0.1854
1925  8   -0.0072
1925  9    0.0739
1925 10   -0.1553
1925 11    0.3712
1925 12    0.7612
1926  1    0.7501
1926  2    0.6571
1926  3    0.5611
1926  4   -0.1841
1926  5   -0.1746
1926  6   -0.0644
1926  7   -0.1292
1926  8    0.0642
1926  9    0.0818
1926 10    0.2132
1926 11    0.2404
1926 12   -0.2524
1927  1   -0.2779
1927  2   -0.1033
1927  3   -0.3835
1927  4   -0.2758
1927  5   -0.1383
1927  6   -0.0067
1927  7    0.1052
1927  8   -0.0738
1927  9    0.3230
1927 10    0.5395
1927 11    0.2612
1927 12   -0.5474
1928  1    0.3077
1928  2    0.0576
1928  3   -0.2972
1928  4   -0.2193
1928  5   -0.0018
1928  6   -0.1482
1928  7   -0.0057
1928  8   -0.0385
1928  9    0.0405
1928 10    0.1524
1928 11    0.3437
1928 12    0.1580
1929  1   -0.7881
1929  2   -1.0528
1929  3   -0.0185
1929  4   -0.1781
1929  5   -0.1598
1929  6   -0.2595
1929  7   -0.2548
1929  8   -0.0952
1929  9   -0.0729
1929 10    0.2146
1929 11    0.2311
1929 12   -1.1792
1930  1   -0.5322
1930  2   -0.0647
1930  3    0.3244
1930  4   -0.1628
1930  5   -0.1789
1930  6   -0.0086
1930  7    0.1490
1930  8    0.1060
1930  9   -0.1287
1930 10    0.0171
1930 11    0.4792
1930 12    0.2142
1931  1    0.1511
1931  2   -0.5515
1931  3    0.1542
1931  4   -0.1573
1931  5   -0.1882
1931  6    0.1769
1931  7    0.3224
1931  8    0.2977
1931  9    0.3055
1931 10    0.4742
1931 11    0.0863
1931 12    0.2087
1932  1    0.9502
1932  2   -0.2322
1932  3   -0.2825
1932  4    0.3917
1932  5   -0.0878
1932  6   -0.0121
1932  7    0.1407
1932  8   -0.0426
1932  9    0.3206
1932 10    0.2845
1932 11   -0.1058
1932 12   -0.1494
1933  1   -0.4652
1933  2   -0.5440
1933  3   -0.3167
1933  4   -0.2514
1933  5   -0.1116
1933  6   -0.1349
1933  7   -0.0120
1933  8   -0.0323
1933  9   -0.1474
1933 10   -0.0079
1933 11    0.0506
1933 12   -0.5613
1934  1   -0.2899
1934  2    0.6098
1934  3   -0.2879
1934  4   -0.3637
1934  5    0.3313
1934  6    0.0966
1934  7    0.0313
1934  8    0.0474
1934  9   -0.2688
1934 10    0.0897
1934 11    0.3992
1934 12    0.2219
1935  1   -0.4269
1935  2    1.0648
1935  3    0.2040
1935  4   -0.5184
1935  5   -0.2339
1935  6   -0.1217
1935  7    0.0955
1935  8    0.0222
1935  9    0.1121
1935 10    0.2508
1935 11   -0.6042
1935 12   -0.2288
1936  1   -0.4552
1936  2   -0.7033
1936  3   -0.2114
1936  4   -0.2504
1936  5    0.0975
1936  6    0.0254
1936  7    0.3410
1936  8    0.0433
1936  9    0.0363
1936 10    0.2703
1936 11    0.3184
1936 12    0.3083
1937  1   -0.4197
1937  2    0.2928
1937  3   -0.4698
1937  4   -0.2484
1937  5    0.1662
1937  6    0.2994
1937  7    0.0645
1937  8    0.2167
1937  9    0.3441
1937 10    0.3820
1937 11    0.2314
1937 12   -0.1203
1938  1    0.2836
1938  2    0.2792
1938  3    0.4087
1938  4    0.5487
1938  5    0.1864
1938  6   -0.0547
1938  7    0.1595
1938  8    0.1646
1938  9    0.3533
1938 10    0.4398
1938 11    0.5084
1938 12   -0.2039
1939  1    0.2971
1939  2    0.1810
1939  3   -0.2715
1939  4   -0.1353
1939  5    0.2250
1939  6    0.1785
1939  7    0.1940
1939  8    0.2229
1939  9   -0.0540
1939 10   -0.1386
1939 11    0.1184
1939 12    1.2879
1940  1   -0.4831
1940  2    0.1661
1940  3    0.1082
1940  4    0.2577
1940  5   -0.0460
1940  6    0.1364
1940  7    0.2046
1940  8   -0.0208
1940  9    0.2603
1940 10    0.0589
1940 11   -0.0439
1940 12    0.4567
1941  1    0.0765
1941  2    0.3135
1941  3    0.0299
1941  4    0.2443
1941  5    0.1860
1941  6    0.2051
1941  7    0.2650
1941  8    0.1956
1941  9   -0.1436
1941 10    0.3741
1941 11   -0.0426
1941 12   -0.0155
1942  1    0.4006
1942  2   -0.2343
1942  3    0.0464
1942  4    0.0126
1942  5    0.0281
1942  6    0.1780
1942  7   -0.0608
1942  8   -0.0652
1942  9    0.1079
1942 10    0.2316
1942 11    0.3368
1942 12    0.1877
1943  1   -0.3589
1943  2    0.3413
1943  3   -0.1235
1943  4    0.2403
1943  5    0.2304
1943  6   -0.2498
1943  7    0.0755
1943  8   -0.0494
1943  9    0.0353
1943 10    0.3988
1943 11    0.1726
1943 12    0.6567
1944  1    0.7858
1944  2    0.4084
1944  3    0.3870
1944  4    0.0159
1944  5    0.1601
1944  6    0.2300
1944  7    0.2197
1944  8    0.1616
1944  9    0.4547
1944 10    0.3575
1944 11   -0.0646
1944 12   -0.3632
1945  1   -0.2180
1945  2   -0.6958
1945  3   -0.1776
1945  4    0.2371
1945  5   -0.1066
1945  6   -0.0409
1945  7   -0.1002
1945  8    0.3870
1945  9    0.1360
1945 10    0.2163
1945 11    0.0118
1945 12   -0.5475
1946  1    0.3718
1946  2    0.3626
1946  3   -0.1110
1946  4    0.3925
1946  5   -0.0209
1946  6   -0.2290
1946  7   -0.0270
1946  8   -0.0026
1946  9   -0.0057
1946 10   -0.0040
1946 11    0.0770
1946 12   -0.6837
1947  1   -0.2823
1947  2   -0.1112
1947  3    0.3653
1947  4    0.2490
1947  5    0.0546
1947  6    0.0539
1947  7   -0.0765
1947  8   -0.0480
1947  9    0.0605
1947 10    0.4936
1947 11    0.1708
1947 12   -0.0927
1948  1    0.6134
1948  2   -0.0300
1948  3   -0.3373
1948  4    0.0146
1948  5    0.2358
1948  6    0.0891
1948  7    0.0356
1948  8    0.0226
1948  9    0.0276
1948 10    0.1017
1948 11    0.0392
1948 12   -0.1992
1949  1    0.4509
1949  2   -0.4115
1949  3   -0.1748
1949  4    0.0294
1949  5    0.1036
1949  6   -0.2277
1949  7   -0.2155
1949  8   -0.0231
1949  9   -0.2106
1949 10    0.0139
1949 11    0.0549
1949 12   -0.4600
1950  1   -0.8223
1950  2   -0.5125
1950  3   -0.1346
1950  4   -0.2731
1950  5   -0.0268
1950  6   -0.1496
1950  7   -0.3263
1950  8   -0.4200
1950  9   -0.1794
1950 10   -0.2837
1950 11   -0.9139
1950 12   -0.2435
1951  1   -0.6143
1951  2   -1.0363
1951  3   -0.3191
1951  4   -0.1295
1951  5    0.1767
1951  6   -0.0723
1951  7    0.0415
1951  8    0.0799
1951  9    0.2708
1951 10    0.1497
1951 11   -0.0349
1951 12    0.5685
1952  1    0.2736
1952  2   -0.0223
1952  3   -0.4147
1952  4    0.0064
1952  5   -0.0002
1952  6   -0.0012
1952  7    0.1321
1952  8    0.0169
1952  9    0.1005
1952 10   -0.2668
1952 11   -0.7736
1952 12   -0.1773
1953  1    0.2312
1953  2    0.3866
1953  3    0.4387
1953  4    0.3265
1953  5    0.1810
1953  6    0.1547
1953  7    0.0263
1953  8    0.1240
1953  9    0.1245
1953 10    0.1431
1953 11   -0.2723
1953 12    0.2529
1954  1   -0.7218
1954  2   -0.3071
1954  3   -0.2820
1954  4   -0.3330
1954  5   -0.4132
1954  6   -0.1059
1954  7   -0.1568
1954  8   -0.0194
1954  9    0.0344
1954 10    0.0659
1954 11    0.3814
1954 12   -0.2820
1955  1    0.5980
1955  2   -0.1155
1955  3   -0.7871
1955  4   -0.4516
1955  5   -0.1130
1955  6   -0.0171
1955  7   -0.2170
1955  8    0.0672
1955  9   -0.0544
1955 10    0.0296
1955 11   -0.3376
1955 12   -0.4930
1956  1   -0.5186
1956  2   -0.7211
1956  3   -0.4822
1956  4   -0.5527
1956  5   -0.4196
1956  6   -0.2476
1956  7   -0.3076
1956  8   -0.4349
1956  9   -0.4829
1956 10   -0.4434
1956 11   -0.4458
1956 12   -0.4414
1957  1   -0.3841
1957  2   -0.4587
1957  3   -0.3943
1957  4   -0.3134
1957  5   -0.1049
1957  6    0.0949
1957  7   -0.2374
1957  8   -0.0204
1957  9    0.0260
1957 10   -0.1030
1957 11    0.1396
1957 12    0.6017
1958  1    0.6743
1958  2    0.2978
1958  3    0.0103
1958  4    0.0630
1958  5    0.0945
1958  6   -0.1228
1958  7   -0.0062
1958  8   -0.0860
1958  9   -0.2283
1958 10   -0.0921
1958 11    0.1580
1958 12    0.2144
1959  1    0.1330
1959  2   -0.0199
1959  3    0.4939
1959  4    0.1955
1959  5   -0.1330
1959  6    0.1582
1959  7    0.0633
1959  8   -0.0159
1959  9    0.0516
1959 10   -0.2560
1959 11   -0.3940
1959 12   -0.1489
1960  1   -0.0657
1960  2    0.5606
1960  3   -0.8430
1960  4   -0.2945
1960  5   -0.4794
1960  6    0.1037
1960  7   -0.1485
1960  8   -0.0558
1960  9    0.0102
1960 10   -0.0671
1960 11   -0.3243
1960 12    0.5351
1961  1    0.2416
1961  2    0.3268
1961  3    0.3754
1961  4    0.1021
1961  5    0.1869
1961  6    0.1520
1961  7   -0.0473
1961  8   -0.0331
1961  9   -0.0485
1961 10   -0.2673
1961 11   -0.0357
1961 12   -0.2258
1962  1    0.3206
1962  2    0.4698
1962  3    0.2202
1962  4    0.1391
1962  5    0.0124
1962  6   -0.1568
1962  7   -0.0565
1962  8   -0.0568
1962  9   -0.0251
1962 10    0.1388
1962 11    0.1663
1962 12    0.2934
1963  1    0.0853
1963  2    0.8701
1963  3   -0.0417
1963  4   -0.2002
1963  5   -0.1753
1963  6   -0.1123
1963  7    0.1544
1963  8    0.1725
1963  9    0.2705
1963 10    0.5747
1963 11    0.3847
1963 12    0.0566
1964  1    0.0620
1964  2   -0.3860
1964  3   -0.3740
1964  4   -0.3684
1964  5   -0.1118
1964  6   -0.1976
1964  7   -0.1881
1964  8   -0.2346
1964  9   -0.3245
1964 10   -0.5408
1964 11   -0.1995
1964 12   -0.4275
1965  1    0.0711
1965  2   -0.4820
1965  3   -0.1345
1965  4   -0.4370
1965  5   -0.1098
1965  6   -0.0897
1965  7   -0.1847
1965  8   -0.2242
1965  9   -0.2174
1965 10    0.0894
1965 11   -0.3264
1965 12   -0.0310
1966  1   -0.1931
1966  2   -0.1473
1966  3    0.0213
1966  4   -0.3476
1966  5   -0.0872
1966  6    0.1121
1966  7    0.0987
1966  8    0.0186
1966  9    0.0503
1966 10   -0.1969
1966 11   -0.2679
1966 12   -0.5685
1967  1   -0.2997
1967  2   -0.4533
1967  3    0.0136
1967  4    0.0912
1967  5    0.2533
1967  6   -0.2691
1967  7   -0.1843
1967  8   -0.1965
1967  9   -0.1717
1967 10    0.4646
1967 11    0.0173
1967 12    0.0384
1968  1   -0.4056
1968  2   -0.1416
1968  3    0.8263
1968  4   -0.0882
1968  5   -0.2597
1968  6   -0.2819
1968  7   -0.2195
1968  8   -0.2402
1968  9   -0.2584
1968 10   -0.1664
1968 11   -0.2524
1968 12   -0.5608
1969  1   -1.1936
1969  2   -1.0244
1969  3   -0.1009
1969  4    0.0512
1969  5   -0.0262
1969  6   -0.1186
1969  7    0.0559
1969  8   -0.0542
1969  9   -0.1426
1969 10   -0.1096
1969 11    0.3442
1969 12    0.3869
1970  1   -0.0418
1970  2    0.4946
1970  3   -0.2418
1970  4    0.1735
1970  5   -0.0463
1970  6    0.0699
1970  7   -0.0014
1970  8   -0.0962
1970  9   -0.0806
1970 10   -0.3024
1970 11   -0.0878
1970 12   -0.3094
1971  1    0.0103
1971  2   -0.4982
1971  3   -0.2579
1971  4   -0.2308
1971  5   -0.1537
1971  6   -0.2423
1971  7   -0.1546
1971  8   -0.1336
1971  9    0.0108
1971 10   -0.0904
1971 11    0.3283
1971 12    0.1307
1972  1   -0.9678
1972  2   -0.8470
1972  3   -0.0943
1972  4   -0.0756
1972  5   -0.1380
1972  6    0.0060
1972  7   -0.1441
1972  8   -0.0636
1972  9   -0.3009
1972 10   -0.1498
1972 11   -0.3056
1972 12    0.0768
1973  1    0.1655
1973  2    0.6847
1973  3    0.6350
1973  4    0.3622
1973  5    0.2365
1973  6    0.3370
1973  7    0.0913
1973  8   -0.0049
1973  9   -0.0771
1973 10   -0.0137
1973 11   -0.1177
1973 12    0.1866
1974  1   -0.7389
1974  2   -0.8344
1974  3   -0.0320
1974  4   -0.0193
1974  5   -0.1708
1974  6   -0.2106
1974  7   -0.0701
1974  8   -0.2149
1974  9   -0.3104
1974 10   -0.4748
1974 11   -0.3521
1974 12   -0.4604
1975  1    0.2413
1975  2   -0.0701
1975  3    0.2664
1975  4    0.1848
1975  5    0.1110
1975  6    0.0719
1975  7   -0.0249
1975  8   -0.2221
1975  9    0.0856
1975 10   -0.2688
1975 11   -0.2777
1975 12   -0.0476
1976  1    0.1265
1976  2   -0.3291
1976  3   -0.8105
1976  4   -0.0085
1976  5   -0.2817
1976  6   -0.3563
1976  7   -0.3272
1976  8   -0.3550
1976  9   -0.1662
1976 10   -0.9459
1976 11   -0.5885
1976 12   -0.2829
1977  1   -0.6957
1977  2    0.1392
1977  3    0.5131
1977  4    0.4453
1977  5    0.2571
1977  6    0.2951
1977  7    0.0526
1977  8   -0.1127
1977  9    0.0121
1977 10   -0.1681
1977 11    0.4302
1977 12   -0.0323
1978  1   -0.0052
1978  2    0.0175
1978  3    0.3505
1978  4    0.1707
1978  5   -0.1123
1978  6   -0.2169
1978  7   -0.1976
1978  8   -0.3617
1978  9   -0.1381
1978 10   -0.0864
1978 11    0.2300
1978 12   -0.0994
1979  1   -0.2131
1979  2   -0.2588
1979  3    0.1530
1979  4   -0.3355
1979  5   -0.0478
1979  6    0.0185
1979  7   -0.0292
1979  8    0.0130
1979  9    0.0428
1979 10    0.2047
1979 11    0.0943
1979 12    0.8091
1980  1    0.0290
1980  2    0.2389
1980  3   -0.1356
1980  4    0.3228
1980  5    0.3349
1980  6    0.1334
1980  7    0.0550
1980  8    0.0631
1980  9    0.0403
1980 10    0.0782
1980 11    0.5020
1980 12    0.2276
1981  1    0.9499
1981  2    0.6766
1981  3    0.7587
1981  4    0.6003
1981  5    0.2059
1981  6    0.1692
1981  7    0.0646
1981  8    0.2230
1981  9    0.0566
1981 10   -0.0510
1981 11    0.1041
1981 12    0.7301
1982  1   -0.2656
1982  2   -0.0438
1982  3   -0.2565
1982  4    0.1976
1982  5    0.0026
1982  6   -0.1464
1982  7    0.0651
1982  8   -0.0015
1982  9    0.0919
1982 10   -0.1760
1982 11   -0.3069
1982 12    0.6121
1983  1    0.7244
1983  2    0.7011
1983  3    0.4862
1983  4    0.1257
1983  5    0.1789
1983  6    0.0015
1983  7    0.2365
1983  8    0.3927
1983  9    0.3553
1983 10    0.1311
1983 11    0.8808
1983 12    0.2438
1984  1    0.2379
1984  2   -0.1765
1984  3    0.2489
1984  4   -0.0506
1984  5    0.4192
1984  6   -0.0025
1984  7   -0.0443
1984  8    0.0166
1984  9   -0.2296
1984 10   -0.0449
1984 11   -0.3688
1984 12   -0.8380
1985  1    0.0579
1985  2   -0.5579
1985  3    0.1487
1985  4    0.1563
1985  5    0.1813
1985  6   -0.0330
1985  7   -0.2221
1985  8    0.0522
1985  9   -0.1816
1985 10   -0.0670
1985 11   -0.1326
1985 12    0.0274
1986  1    0.6035
1986  2    0.3362
1986  3    0.4684
1986  4    0.3550
1986  5    0.2724
1986  6    0.2272
1986  7   -0.0238
1986  8    0.0111
1986  9   -0.1046
1986 10   -0.0659
1986 11   -0.1326
1986 12    0.0219
1987  1    0.2891
1987  2    1.0010
1987  3   -0.0631
1987  4    0.1913
1987  5    0.2875
1987  6    0.1497
1987  7    0.4428
1987  8    0.2276
1987  9    0.3289
1987 10    0.0025
1987 11   -0.0611
1987 12    0.7548
1988  1    0.6548
1988  2    0.1286
1988  3    0.5511
1988  4    0.5302
1988  5    0.3753
1988  6    0.5163
1988  7    0.3849
1988  8    0.2985
1988  9    0.3317
1988 10    0.2840
1988 11    0.2536
1988 12    0.7216
1989  1    0.0770
1989  2    0.4040
1989  3    0.5443
1989  4    0.2091
1989  5    0.2452
1989  6    0.1537
1989  7    0.1492
1989  8    0.1351
1989  9    0.1253
1989 10    0.2269
1989 11    0.0356
1989 12    0.5613
1990  1    0.4565
1990  2    0.4873
1990  3    1.5444
1990  4    0.7205
1990  5    0.4569
1990  6    0.4381
1990  7    0.1203
1990  8    0.2735
1990  9    0.2067
1990 10    0.4684
1990 11    0.8188
1990 12    0.5837
1991  1    0.5771
1991  2    0.6968
1991  3    0.2205
1991  4    0.7215
1991  5    0.4014
1991  6    0.5373
1991  7    0.3801
1991  8    0.2794
1991  9    0.3987
1991 10    0.3236
1991 11    0.2624
1991 12    0.1058
1992  1    0.8806
1992  2    0.7468
1992  3    0.5775
1992  4    0.1322
1992  5    0.2174
1992  6    0.0726
1992  7   -0.2365
1992  8   -0.1689
1992  9   -0.3286
1992 10   -0.1843
1992 11   -0.3024
1992 12    0.4328
1993  1    0.6117
1993  2    0.5596
1993  3    0.7228
1993  4    0.3040
1993  5    0.2494
1993  6    0.1801
1993  7    0.1052
1993  8    0.0716
1993  9   -0.1171
1993 10    0.1521
1993 11   -0.3251
1993 12    0.2065
1994  1    0.3344
1994  2   -0.4308
1994  3    0.5632
1994  4    0.5204
1994  5    0.5220
1994  6    0.4852
1994  7    0.2578
1994  8    0.1937
1994  9    0.3044
1994 10    0.5654
1994 11    0.6249
1994 12    0.3841
1995  1    0.9635
1995  2    1.5607
1995  3    0.7058
1995  4    0.4804
1995  5    0.1450
1995  6    0.6137
1995  7    0.3967
1995  8    0.7126
1995  9    0.5433
1995 10    0.6521
1995 11    0.6537
1995 12    0.4122
1996  1    0.1250
1996  2    0.6137
1996  3    0.1833
1996  4    0.0150
1996  5    0.4282
1996  6    0.2497
1996  7    0.2558
1996  8    0.1523
1996  9    0.0332
1996 10    0.0489
1996 11    0.0851
1996 12    0.4405
1997  1    0.5068
1997  2    0.6515
1997  3    0.6468
1997  4    0.6137
1997  5    0.3579
1997  6    0.5465
1997  7    0.4428
1997  8    0.4933
1997  9    0.6954
1997 10    0.7283
1997 11    0.3749
1997 12    0.6415
1998  1    0.5835
1998  2    1.5558
1998  3    0.7562
1998  4    1.1118
1998  5    0.8116
1998  6    0.8024
1998  7    1.0148
1998  8    0.9473
1998  9    0.6722
1998 10    0.5782
1998 11    0.2163
1998 12    0.9337
1999  1    0.8660
1999  2    1.5493
1999  3    0.1698
1999  4    0.6976
1999  5    0.5441
1999  6    0.5277
1999  7    0.5395
1999  8    0.4296
1999  9    0.5081
1999 10    0.5669
1999 11    0.4895
1999 12    1.2226
2000  1    0.3599
2000  2    0.9687
2000  3    0.9771
2000  4    1.2934
2000  5    0.7014
2000  6    0.5370
2000  7    0.4319
2000  8    0.5674
2000  9    0.3963
2000 10    0.0523
2000 11   -0.1643
2000 12    0.0876
2001  1    0.6627
2001  2    0.3981
2001  3    1.0761
2001  4    0.7954
2001  5    0.8243
2001  6    0.6607
2001  7    0.6322
2001  8    0.8311
2001  9    0.5138
2001 10    0.5206
2001 11    1.2003
2001 12    0.5330
2002  1    1.2647
2002  2    1.5973
2002  3    1.3858
2002  4    0.6582
2002  5    0.6205
2002  6    0.7303
2002  7    0.8872
2002  8    0.6592
2002  9    0.6894
2002 10    0.4172
2002 11    0.8548
2002 12    0.2172
2003  1    1.1167
2003  2    0.7636
2003  3    0.6450
2003  4    0.6065
2003  5    0.7858
2003  6    0.5797
2003  7    0.5144
2003  8    0.6728
2003  9    0.7136
2003 10    1.0488
2003 11    0.5630
2003 12    1.2721
2004  1    0.7560
2004  2    1.1729
2004  3    1.1139
2004  4    0.7615
2004  5    0.3752
2004  6    0.5138
2004  7    0.3720
2004  8    0.3889
2004  9    0.4786
2004 10    0.7275
2004 11    1.3431
2004 12    0.5346
2005  1    0.8621
2005  2    0.5073
2005  3    1.2069
2005  4    1.2011
2005  5    0.9023
2005  6    0.9494
2005  7    0.8764
2005  8    0.6499
2005  9    1.0203
2005 10    1.0753
2005 11    1.3143
2005 12    0.9465
2006  1    0.4427
2006  2    0.9973
2006  3    0.9338
2006  4    0.5849
2006  5    0.5202
2006  6    0.9112
2006  7    0.8168
2006  8    0.7344
2006  9    0.7812
2006 10    0.9656
2006 11    0.7672
2006 12    1.3337
2007  1    1.7462
2007  2    1.0145
2007  3    1.1098
2007  4    1.4127
2007  5    0.8477
2007  6    0.6093
2007  7    0.6496
2007  8    0.7594
2007  9    0.9165
2007 10    0.9311
2007 11    0.9591
2007 12    0.8663
2008  1    0.0838
2008  2    0.5739
2008  3    1.8337
2008  4    0.7263
2008  5    0.6568
2008  6    0.6987
2008  7    0.7256
2008  8    0.6212
2008  9    0.5203
2008 10    1.0504
2008 11    1.1586
2008 12    0.7113
2009  1    0.8728
2009  2    0.8678
2009  3    0.8432
2009  4    1.0481
2009  5    0.6651
2009  6    0.6860
2009  7    0.5228
2009  8    0.7871
2009  9    0.9756
2009 10    0.7476
2009 11    0.7474
2009 12    0.3484
2010  1    0.7791
2010  2    0.8703
2010  3    1.3722
2010  4    1.2037
2010  5    1.0748
2010  6    1.0057
2010  7    0.9634
2010  8    0.7865
2010  9    0.6183
2010 10    0.8664
2010 11    1.4928
2010 12    0.4188
2011  1    0.4301
2011  2    0.5113
2011  3    0.8618
2011  4    1.0897
2011  5    0.7247
2011  6    0.8550
2011  7 -999.0000
2011  8 -999.0000
2011  9 -999.0000
2011 10 -999.0000
2011 11 -999.0000
2011 12 -999.0000
